== Matched-pair table (B=300ms; on-arm stalls under paced playback) ==
run                 arr    acc   conc stallInc  stMean  stP95   stTot  ttaP50  ttaP95   D*p50   D*p90   D*max  err
r2.4_t0_s7_off      454  1.000   47.2    0.015    0.07   0.15     0.5    0.74    1.01    0.44    0.74    1.06    0
r2.4_t0_s7_th2      454  0.956   43.3    0.000    0.00   0.00     0.0    1.11    1.73    0.40    0.55    0.78    0
r2.4_t0_s7_th8      454  0.985   46.8    0.000    0.00   0.00     0.0    1.19    3.65    0.43    0.66    0.92    0
r2.4_t3_s7_off      454  1.000   68.9    0.447    0.25   0.65    51.7    0.90    1.41    0.89    1.68    2.39    0
r2.4_t3_s7_th2      454  0.932   49.1    0.028    0.31   1.11     3.7    1.15    1.91    0.48    0.70    2.40    0
r2.4_t3_s7_th8      454  0.947   52.7    0.000    0.00   0.00     0.0    1.29    6.54    0.49    0.83    3.27    0
r3.0_t0_s7_off      565  1.000   93.5    0.784    1.00   2.73   444.7    1.28    5.09    1.65    5.36   12.92    0
r3.0_t0_s7_th2      565  0.851   53.3    0.000    0.00   0.00     0.0    1.21    2.20    0.53    0.70    0.97    0
r3.0_t3_s7_off      565  1.000  108.4    0.850    1.62   5.03   777.7    1.77   12.23    2.67   11.03   22.74    0
r3.0_t3_s7_th2      565  0.802   55.2    0.007    0.98   1.76     2.9    1.31    2.20    0.56    0.74    2.79    0

== Replay-prediction (pessimistic, off-trace) vs on-policy realized ==
pair           theta  acc rep  acc onp stallInc rep stallInc onp D*p50 off D*p50 onp
r2.4_t0            2    0.934    0.956        0.000        0.000      0.44      0.40
r2.4_t0            8    0.998    0.985        0.000        0.000      0.44      0.43
r2.4_t3            2    0.551    0.932        0.000        0.028      0.89      0.48
r2.4_t3            8    0.941    0.947        0.000        0.000      0.89      0.49
r3.0_t0            2    0.313    0.851        0.000        0.000      1.65      0.53
r3.0_t3            2    0.149    0.802        0.000        0.007      2.67      0.56
